      0/99     3.11G   0.07537     0.176         0    0.2514        42      1024    0.3784    0.9183    0.8287    0.3549   0.04698    0.1392         0
      1/99     5.18G   0.05065    0.1564         0     0.207        25      1024    0.6323    0.9376    0.9198    0.4564   0.03788     0.133         0
      2/99     5.18G   0.04643    0.1516         0     0.198        29      1024    0.6754      0.94    0.9303    0.4526   0.03838    0.1314         0
      3/99     5.18G   0.04247    0.1478         0    0.1903        52      1024    0.6932    0.9481    0.9399    0.4925   0.03543    0.1279         0
      4/99     5.18G   0.03979    0.1463         0    0.1861       101      1024     0.703    0.9492    0.9421     0.501   0.03505    0.1274         0
      5/99     5.18G   0.03887    0.1441         0    0.1829       101      1024    0.7166    0.9531    0.9473    0.5162   0.03428    0.1267         0
      6/99     5.18G   0.03789    0.1415         0    0.1794        24      1024    0.7191    0.9497    0.9437    0.4985    0.0346    0.1274         0
      7/99     5.18G   0.03743    0.1422         0    0.1796       102      1024    0.7322    0.9507    0.9456    0.5128   0.03439    0.1265         0
      8/99     5.18G   0.03719    0.1411         0    0.1783        50      1024    0.7402    0.9514    0.9481    0.5215   0.03371    0.1263         0
      9/99     5.18G   0.03664    0.1395         0    0.1762        36      1024    0.7455    0.9506    0.9478    0.5264   0.03368    0.1256         0
     10/99     5.18G   0.03648    0.1398         0    0.1763        42      1024    0.7551    0.9482    0.9463    0.5248   0.03367     0.126         0
     11/99     5.18G   0.03663    0.1395         0    0.1761        39      1024    0.7603    0.9478    0.9467    0.5245   0.03367    0.1258         0
     12/99     5.18G   0.03567    0.1375         0    0.1732        73      1024    0.7633    0.9505    0.9483    0.5326    0.0331    0.1254         0
     13/99     5.18G   0.03583    0.1372         0    0.1731        34      1024    0.7565    0.9497    0.9475    0.5305   0.03315    0.1254         0
     14/99     5.18G   0.03549    0.1361         0    0.1716        40      1024    0.7518    0.9505    0.9483     0.533   0.03308    0.1255         0
     15/99     5.18G   0.03535    0.1382         0    0.1735        46      1024    0.7712    0.9453    0.9455    0.5332   0.03313    0.1254         0
     16/99     5.18G   0.03545    0.1361         0    0.1716        78      1024    0.7631    0.9483    0.9474    0.5319   0.03316     0.125         0
     17/99     5.18G   0.03498    0.1354         0    0.1704        93      1024     0.764    0.9499    0.9485    0.5363    0.0329    0.1248         0
     18/99     5.18G   0.03512     0.136         0    0.1711        64      1024    0.7621    0.9476    0.9466    0.5326   0.03302    0.1252         0
     19/99     5.18G    0.0348    0.1358         0    0.1706        92      1024    0.7605    0.9507     0.949    0.5376   0.03282    0.1248         0
     20/99     5.18G   0.03466    0.1353         0      0.17        38      1024     0.761    0.9506    0.9495    0.5392   0.03279     0.125         0
     21/99     5.18G   0.03464    0.1344         0     0.169       111      1024    0.7538    0.9506     0.949    0.5368   0.03293    0.1251         0
     22/99     5.18G   0.03454    0.1349         0    0.1695        36      1024    0.7739    0.9473    0.9482    0.5398   0.03266    0.1247         0
     23/99     5.18G   0.03426     0.133         0    0.1673        58      1024    0.7714    0.9497      0.95    0.5387   0.03268    0.1247         0
     24/99     5.18G   0.03433    0.1337         0    0.1681        49      1024    0.7716     0.947     0.948     0.539   0.03276    0.1251         0
     25/99     5.18G   0.03404    0.1346         0    0.1686        87      1024    0.7713    0.9473    0.9479    0.5393   0.03272    0.1247         0
     26/99     5.18G   0.03415     0.134         0    0.1682       122      1024    0.7696      0.95    0.9492    0.5374   0.03272     0.125         0
     27/99     5.18G   0.03388    0.1326         0    0.1665        23      1024    0.7738    0.9488    0.9483    0.5396   0.03264    0.1248         0
     28/99     5.18G   0.03399    0.1341         0     0.168        78      1024    0.7673    0.9489     0.949    0.5393   0.03272    0.1249         0
     29/99     5.18G   0.03365    0.1334         0     0.167        26      1024    0.7822    0.9461    0.9475    0.5401   0.03269    0.1249         0
     30/99     5.18G   0.03382    0.1316         0    0.1654        73      1024    0.7727    0.9482    0.9483    0.5409   0.03264    0.1251         0
     31/99     5.18G   0.03364    0.1313         0    0.1649        41      1024      0.78    0.9476    0.9481    0.5389   0.03274    0.1249         0
     32/99     5.18G   0.03348    0.1308         0    0.1643        43      1024    0.7773    0.9452    0.9473    0.5405   0.03265    0.1253         0
     33/99     5.18G   0.03346    0.1327         0    0.1662        79      1024    0.7814    0.9459    0.9469    0.5393   0.03275    0.1251         0
     34/99     5.18G   0.03351    0.1326         0    0.1661        44      1024    0.7811    0.9467    0.9476      0.54   0.03264    0.1254         0
     35/99     5.18G   0.03335    0.1312         0    0.1646        41      1024    0.7814    0.9457     0.947    0.5388    0.0327    0.1255         0
     36/99     5.18G   0.03312    0.1298         0    0.1629        78      1024    0.7767    0.9453    0.9461    0.5384   0.03265    0.1258         0
     37/99     5.18G   0.03323    0.1301         0    0.1633        42      1024    0.7857     0.944    0.9462    0.5386   0.03265    0.1255         0
     38/99     5.18G   0.03308    0.1306         0    0.1637       127      1024    0.7831    0.9454    0.9479    0.5382   0.03271    0.1255         0
     39/99     5.18G   0.03289    0.1288         0    0.1617        64      1024    0.7802    0.9447    0.9462    0.5407   0.03268    0.1255         0
     40/99     5.18G   0.03295    0.1299         0    0.1629        59      1024    0.7826     0.944    0.9459    0.5394   0.03267    0.1256         0
     41/99     5.18G   0.03276    0.1274         0    0.1602        88      1024    0.7757     0.946    0.9461    0.5411   0.03265    0.1256         0
      42/2     4.62G   0.03478   0.01754         0   0.05232        56      1024     0.706    0.9694    0.9658    0.5642    0.0312   0.01712         0
      43/2     4.64G   0.03466   0.01679         0   0.05145        79      1024    0.6704    0.9721    0.9671    0.5695   0.03087   0.01681         0
      44/2     4.65G   0.03386   0.01609         0   0.04995        20      1024    0.6636    0.9733    0.9679    0.5716    0.0308   0.01669         0
